Iter:2ACC:(1.0, 0.2298507462686567, 0.37378640776699024, None)
Iter:1ACC:(1.0, 0.49629629629629629, 0.6633663366336634, None)
Iter:1ACC:(1.0, 0.50370370370370365, 0.66995073891625612, None)
