Iter:3ACC:(1.0, 0.039045553145336226, 0.075156576200417533, None)
Iter:3ACC:(1.0, 0.015184381778741865, 0.029914529914529916, None)
